<?xml version="1.0"?>
<opencv_storage>
<D2 type_id="opencv-matrix">
  <rows>1</rows>
  <cols>5</cols>
  <dt>d</dt>
  <data>
    -1.2655525353976732e-01 -6.8929756787405205e-02 0. 0.
    3.5160543111954373e-01</data></D2>
</opencv_storage>
