<?xml version="1.0"?>
<opencv_storage>
<M2 type_id="opencv-matrix">
  <rows>3</rows>
  <cols>3</cols>
  <dt>d</dt>
  <data>
    5.9831095880953922e+02 0. 3.3176760138090111e+02 0.
    5.9831095880953922e+02 2.4006679965895987e+02 0. 0. 1.</data></M2>
</opencv_storage>
