<?xml version="1.0"?>
<opencv_storage>
<P1 type_id="opencv-matrix">
  <rows>3</rows>
  <cols>4</cols>
  <dt>d</dt>
  <data>
    5.6446761987646676e+02 0. 2.9614990234375000e+02 0. 0.
    5.6446761987646676e+02 2.3373302268981934e+02 0. 0. 0. 1. 0.</data></P1>
</opencv_storage>
