<?xml version="1.0"?>
<opencv_storage>
<P2 type_id="opencv-matrix">
  <rows>3</rows>
  <cols>4</cols>
  <dt>d</dt>
  <data>
    5.6446761987646676e+02 0. 3.3288304138183594e+02
    -4.4441686334603137e+03 0. 5.6446761987646676e+02
    2.3373302268981934e+02 0. 0. 0. 1. 0.</data></P2>
</opencv_storage>
