<?xml version="1.0"?>
<opencv_storage>
<Q type_id="opencv-matrix">
  <rows>4</rows>
  <cols>4</cols>
  <dt>d</dt>
  <data>
    1. 0. 0. -2.9614990234375000e+02 0. 1. 0. -2.3373302268981934e+02 0.
    0. 0. 5.6446761987646676e+02 0. 0. 1.2701309658381743e-01
    4.6655897364712038e+00</data></Q>
</opencv_storage>
