<?xml version="1.0"?>
<opencv_storage>
<R1 type_id="opencv-matrix">
  <rows>3</rows>
  <cols>3</cols>
  <dt>d</dt>
  <data>
    9.9993320823905329e-01 6.6094178414247305e-03
    -9.4812792676692050e-03 -6.5852613419635211e-03
    9.9997499697961645e-01 2.5767709782355168e-03 9.4980731631272176e-03
    -2.5141621693305968e-03 9.9995173163246942e-01</data></R1>
</opencv_storage>
