<?xml version="1.0"?>
<opencv_storage>
<R2 type_id="opencv-matrix">
  <rows>3</rows>
  <cols>3</cols>
  <dt>d</dt>
  <data>
    9.9996256924529081e-01 8.3279471913642149e-03
    -2.3463597198125339e-03 -8.3338929457240744e-03
    9.9996205736623045e-01 -2.5357555609974093e-03
    2.3251530543427893e-03 2.5552149564700647e-03 9.9999403225209305e-01</data></R2>
</opencv_storage>
