<?xml version="1.0"?>
<opencv_storage>
<D1 type_id="opencv-matrix">
  <rows>1</rows>
  <cols>5</cols>
  <dt>d</dt>
  <data>
    4.4838635905770308e-01 1.1599471517198678e+00 0. 0.
    -1.7614130336862992e+01</data></D1>
</opencv_storage>
