<?xml version="1.0"?>
<opencv_storage>
<D2 type_id="opencv-matrix">
  <rows>1</rows>
  <cols>5</cols>
  <dt>d</dt>
  <data>
    -2.4953116837325409e-01 7.5717246952756865e+00 0. 0.
    -3.8180368082211103e+01</data></D2>
</opencv_storage>
