<?xml version="1.0"?>
<opencv_storage>
<M1 type_id="opencv-matrix">
  <rows>3</rows>
  <cols>3</cols>
  <dt>d</dt>
  <data>
    8.1190101416455252e+02 0. 3.2493544691521527e+02 0.
    8.1190101416455252e+02 3.0494625831669600e+02 0. 0. 1.</data></M1>
</opencv_storage>
