<?xml version="1.0"?>
<opencv_storage>
<M2 type_id="opencv-matrix">
  <rows>3</rows>
  <cols>3</cols>
  <dt>d</dt>
  <data>
    8.1190101416455252e+02 0. 3.1647659650572371e+02 0.
    8.1190101416455252e+02 2.5276110104471934e+02 0. 0. 1.</data></M2>
</opencv_storage>
