<?xml version="1.0"?>
<opencv_storage>
<P1 type_id="opencv-matrix">
  <rows>3</rows>
  <cols>4</cols>
  <dt>d</dt>
  <data>
    7.6272631645734054e+02 0. 3.3538124084472656e+02 0. 0.
    7.6272631645734054e+02 2.9146022796630859e+02 0. 0. 0. 1. 0.</data></P1>
</opencv_storage>
