<?xml version="1.0"?>
<opencv_storage>
<P2 type_id="opencv-matrix">
  <rows>3</rows>
  <cols>4</cols>
  <dt>d</dt>
  <data>
    7.6272631645734054e+02 0. 4.1286157226562500e+02
    -4.8394824977568305e+03 0. 7.6272631645734054e+02
    2.9146022796630859e+02 0. 0. 0. 1. 0.</data></P2>
</opencv_storage>
