<?xml version="1.0"?>
<opencv_storage>
<Q type_id="opencv-matrix">
  <rows>4</rows>
  <cols>4</cols>
  <dt>d</dt>
  <data>
    1. 0. 0. -3.3538124084472656e+02 0. 1. 0. -2.9146022796630859e+02 0.
    0. 0. 7.6272631645734054e+02 0. 0. 1.5760493333964432e-01
    1.2211282468724246e+01</data></Q>
</opencv_storage>
