<?xml version="1.0"?>
<opencv_storage>
<R1 type_id="opencv-matrix">
  <rows>3</rows>
  <cols>3</cols>
  <dt>d</dt>
  <data>
    9.9945920300900215e-01 -6.0906641932809442e-03
    -3.2314166093137704e-02 6.2758224960832425e-03
    9.9996444885998348e-01 5.6316132810419290e-03 3.2278717022333168e-02
    -5.8313656920345588e-03 9.9946189502229543e-01</data></R1>
</opencv_storage>
