<?xml version="1.0"?>
<opencv_storage>
<R2 type_id="opencv-matrix">
  <rows>3</rows>
  <cols>3</cols>
  <dt>d</dt>
  <data>
    9.9338994692616334e-01 -3.7676669745891574e-02
    -1.0842915614765886e-01 3.7053474419562221e-02
    9.9928317555349855e-01 -7.7572604155534061e-03
    1.0864369921662838e-01 3.6883075488470338e-03 9.9407391224594155e-01</data></R2>
</opencv_storage>
